Method: <org.apache.commons.math3.linear.AbstractRealMatrix$1: void visit(int,int,double)>, Callee: {endRow=3.0, columnSum=1.734723475976807E-18, maxColSum=5.204170427930421E-18, this$0={data=[[0.0, 0.0, 0.0, 0.0], [0.0, 3.469446951953614E-18, 0.0, 1.734723475976807E-18], [0.0, 0.0, 0.0, 0.0], [0.0, 1.734723475976807E-18, 0.0, 0.0]],},}, Params: [2,3,0.0], Related test: test378(org.apache.commons.math3.linear.Math21AB_2_Test)
Method: <org.apache.commons.math3.linear.MatrixUtils: void checkColumnIndex(org.apache.commons.math3.linear.AnyMatrix,int)>, Callee: null, Params: [{data=[[0.0759577418122063, 0.034512751379448724, 0.033913748226348225, 0.0], [0.07764443622513505, 0.13029949164628746, 0.0, 0.0], [0.06662930527909404, 0.023203936694855674, 0.11851573313229945, 0.0], [0.13822895138139477, 0.0, 0.0, 0.0]],},3], Related test: test254(org.apache.commons.math3.linear.Math21AB_2_Test)
Method: <org.apache.commons.math3.linear.MatrixUtils: void checkColumnIndex(org.apache.commons.math3.linear.AnyMatrix,int)>, Callee: null, Params: [{data=[[0.0, 0.0, 0.0, 0.0, 0.0], [0.0, 0.013445532, 0.01039469, 0.009881156, 0.010499559], [0.0, 0.01039469, 0.023006616, 0.008196856, 0.010732708999999998], [0.0, 0.009881156, 0.008196856, 0.019023866, 0.009210099], [0.0, 0.010499559, 0.010732708999999998, 0.0, 0.0]],},3], Related test: test510(org.apache.commons.math3.linear.Math21AB_3_Test)
Method: <org.apache.commons.math3.linear.Array2DRowRealMatrix: void setEntry(int,int,double)>, Callee: {data=[[0.0759577418122063, 0.0, 0.0, 0.0], [0.07764443622513505, 0.13029949164628746, 0.0, 0.0], [0.06662930527909404, 0.023203936694855674, 0.11851573313229945, 0.0], [0.13822895138139477, 0.0, 0.0, 0.0]],}, Params: [0,1,0.034512751379448724], Related test: test250(org.apache.commons.math3.linear.Math21AB_2_Test)
Method: <org.apache.commons.math3.linear.MatrixUtils: void checkRowIndex(org.apache.commons.math3.linear.AnyMatrix,int)>, Callee: null, Params: [{data=[[0.0, 0.0, 0.0, 0.0, 0.0], [0.0, 0.013445532, 0.01039469, 0.009881156, 0.010499559], [0.0, 0.01039469, 0.023006616, 0.008196856, 0.010732708999999998], [0.0, 0.009881156, 0.008196856, 0.019023866, 0.009210099], [0.0, 0.010499559, 0.010732708999999998, 0.0, 0.0]],},4], Related test: test510(org.apache.commons.math3.linear.Math21AB_3_Test)
Method: <org.apache.commons.math3.linear.Array2DRowRealMatrix: double getEntry(int,int)>, Callee: {data=[[0.0, 0.0, 0.0, 0.0, 0.0], [0.0, 0.013445532, 0.01039469, 0.009881156, 0.010499559], [0.0, 0.01039469, 0.023006616, 0.008196856, 0.010732708999999998], [0.0, 0.009881156, 0.008196856, 0.019023866, 0.009210099], [0.0, 0.010499559, 0.010732708999999998, 0.009210099, 0.019107243]],}, Params: [4,4], Related test: test567(org.apache.commons.math3.linear.Math21AB_3_Test)
Method: <org.apache.commons.math3.linear.Array2DRowRealMatrix: double getEntry(int,int)>, Callee: {data=[[0.0, 0.0, 0.0, 0.0, 0.0], [0.0, 0.013445532, 0.01039469, 0.009881156, 0.010499559], [0.0, 0.01039469, 0.023006616, 0.008196856, 0.010732708999999998], [0.0, 0.009881156, 0.008196856, 0.019023866, 0.009210099], [0.0, 0.010499559, 0.010732708999999998, 0.009210099, 0.019107243]],}, Params: [4,2], Related test: test561(org.apache.commons.math3.linear.Math21AB_3_Test)
Method: <org.apache.commons.math3.linear.Array2DRowRealMatrix: double getEntry(int,int)>, Callee: {data=[[0.0, 0.0, 0.0, 0.0, 0.0], [0.0, 0.013445532, 0.01039469, 0.009881156, 0.010499559], [0.0, 0.01039469, 0.023006616, 0.008196856, 0.010732708999999998], [0.0, 0.009881156, 0.008196856, 0.019023866, 0.009210099], [0.0, 0.010499559, 0.010732708999999998, 0.009210099, 0.019107243]],}, Params: [4,3], Related test: test563(org.apache.commons.math3.linear.Math21AB_3_Test)
Method: <org.apache.commons.math3.linear.Array2DRowRealMatrix: double getEntry(int,int)>, Callee: {data=[[0.0, 0.0, 0.0, 0.0, 0.0], [0.0, 0.013445532, 0.01039469, 0.009881156, 0.010499559], [0.0, 0.01039469, 0.023006616, 0.008196856, 0.010732708999999998], [0.0, 0.009881156, 0.008196856, 0.019023866, 0.009210099], [0.0, 0.010499559, 0.010732708999999998, 0.009210099, 0.019107243]],}, Params: [4,0], Related test: test557(org.apache.commons.math3.linear.Math21AB_3_Test)
Method: <org.apache.commons.math3.linear.Array2DRowRealMatrix: double getEntry(int,int)>, Callee: {data=[[0.0, 0.0, 0.0, 0.0, 0.0], [0.0, 0.013445532, 0.01039469, 0.009881156, 0.010499559], [0.0, 0.01039469, 0.023006616, 0.008196856, 0.010732708999999998], [0.0, 0.009881156, 0.008196856, 0.019023866, 0.009210099], [0.0, 0.010499559, 0.010732708999999998, 0.009210099, 0.019107243]],}, Params: [4,1], Related test: test559(org.apache.commons.math3.linear.Math21AB_3_Test)
Method: <org.apache.commons.math3.linear.Array2DRowRealMatrix: double getEntry(int,int)>, Callee: {data=[[0.0, 0.0, 0.0, 0.0, 0.0], [0.0, 0.013445532, 0.01039469, 0.009881156, 0.010499559], [0.0, 0.01039469, 0.023006616, 0.008196856, 0.010732708999999998], [0.0, 0.009881156, 0.008196856, 0.019023866, 0.009210099], [0.0, 0.010499559, 0.010732708999999998, 0.009210099, 0.019107243]],}, Params: [3,3], Related test: test553(org.apache.commons.math3.linear.Math21AB_3_Test)
Method: <org.apache.commons.math3.linear.Array2DRowRealMatrix: double getEntry(int,int)>, Callee: {data=[[0.0, 0.0, 0.0, 0.0, 0.0], [0.0, 0.013445532, 0.01039469, 0.009881156, 0.010499559], [0.0, 0.01039469, 0.023006616, 0.008196856, 0.010732708999999998], [0.0, 0.009881156, 0.008196856, 0.019023866, 0.009210099], [0.0, 0.010499559, 0.010732708999999998, 0.009210099, 0.019107243]],}, Params: [3,4], Related test: test555(org.apache.commons.math3.linear.Math21AB_3_Test)
Method: <org.apache.commons.math3.linear.MatrixUtils: void checkMatrixIndex(org.apache.commons.math3.linear.AnyMatrix,int,int)>, Callee: null, Params: [{data=[[0.006960708548989433, 0.0, 0.0, 0.0, 0.0], [0.0, 0.0, 0.0, 0.0, 0.0], [0.0, 0.0, 0.0, 0.0, 0.0], [0.0, 0.0, 0.0, 0.0, 0.0], [0.0, 0.0, 0.0, 0.0, 0.0]],},0,1], Related test: test621(org.apache.commons.math3.linear.Math21AB_4_Test)
Method: <org.apache.commons.math3.linear.Array2DRowRealMatrix: double getEntry(int,int)>, Callee: {data=[[0.0, 0.0, 0.0, 0.0, 0.0], [0.0, 0.013445532, 0.01039469, 0.009881156, 0.010499559], [0.0, 0.01039469, 0.023006616, 0.008196856, 0.010732708999999998], [0.0, 0.009881156, 0.008196856, 0.019023866, 0.009210099], [0.0, 0.010499559, 0.010732708999999998, 0.009210099, 0.019107243]],}, Params: [3,1], Related test: test549(org.apache.commons.math3.linear.Math21AB_3_Test)
Method: <org.apache.commons.math3.linear.Array2DRowRealMatrix: double getEntry(int,int)>, Callee: {data=[[0.0, 0.0, 0.0, 0.0, 0.0], [0.0, 0.013445532, 0.01039469, 0.009881156, 0.010499559], [0.0, 0.01039469, 0.023006616, 0.008196856, 0.010732708999999998], [0.0, 0.009881156, 0.008196856, 0.019023866, 0.009210099], [0.0, 0.010499559, 0.010732708999999998, 0.009210099, 0.019107243]],}, Params: [3,2], Related test: test551(org.apache.commons.math3.linear.Math21AB_3_Test)
Method: <org.apache.commons.math3.linear.Array2DRowRealMatrix: double getEntry(int,int)>, Callee: {data=[[0.0, 0.0, 0.0, 0.0, 0.0], [0.0, 0.013445532, 0.01039469, 0.009881156, 0.010499559], [0.0, 0.01039469, 0.023006616, 0.008196856, 0.010732708999999998], [0.0, 0.009881156, 0.008196856, 0.019023866, 0.009210099], [0.0, 0.010499559, 0.010732708999999998, 0.009210099, 0.019107243]],}, Params: [3,0], Related test: test545(org.apache.commons.math3.linear.Math21AB_3_Test)
Method: <org.apache.commons.math3.linear.Array2DRowRealMatrix: int getRowDimension()>, Callee: {data=[[0.0759577418122063, 0.07764443622513505, 0.0, 0.0], [0.034512751379448724, 0.13029949164628746, 0.0, 0.0], [0.033913748226348225, 0.0, 0.0, 0.0], [0.07303890149947785, 0.0, 0.0, 0.0]],}, Params: [], Related test: test266(org.apache.commons.math3.linear.Math21AB_2_Test)
Method: <org.apache.commons.math3.linear.Array2DRowRealMatrix: int getColumnDimension()>, Callee: {data=[[0.0759577418122063, 0.07764443622513505, 0.0, 0.0], [0.034512751379448724, 0.13029949164628746, 0.0, 0.0], [0.033913748226348225, 0.0, 0.0, 0.0], [0.07303890149947785, 0.0, 0.0, 0.0]],}, Params: [], Related test: test267(org.apache.commons.math3.linear.Math21AB_2_Test)
Method: <org.apache.commons.math3.linear.Array2DRowRealMatrix: double getEntry(int,int)>, Callee: {data=[[0.0, 0.0, 0.0, 0.0, 0.0], [0.0, 0.013445532, 0.01039469, 0.009881156, 0.010499559], [0.0, 0.01039469, 0.023006616, 0.008196856, 0.010732708999999998], [0.0, 0.009881156, 0.008196856, 0.019023866, 0.009210099], [0.0, 0.010499559, 0.010732708999999998, 0.009210099, 0.019107243]],}, Params: [2,4], Related test: test543(org.apache.commons.math3.linear.Math21AB_3_Test)
Method: <org.apache.commons.math3.linear.MatrixUtils: void checkRowIndex(org.apache.commons.math3.linear.AnyMatrix,int)>, Callee: null, Params: [{data=[[0.0759577418122063, 0.034512751379448724, 0.033913748226348225, 0.0], [0.07764443622513505, 0.13029949164628746, 0.0, 0.0], [0.06662930527909404, 0.023203936694855674, 0.11851573313229945, 0.0], [0.13822895138139477, 0.0, 0.0, 0.0]],},0], Related test: test254(org.apache.commons.math3.linear.Math21AB_2_Test)
Method: <org.apache.commons.math3.linear.MatrixUtils: void checkMatrixIndex(org.apache.commons.math3.linear.AnyMatrix,int,int)>, Callee: null, Params: [{data=[[0.0759577418122063, 0.07764443622513505, 0.0, 0.0], [0.034512751379448724, 0.13029949164628746, 0.0, 0.0], [0.033913748226348225, 0.0, 0.0, 0.0], [0.07303890149947785, 0.0, 0.0, 0.0]],},0,2], Related test: test268(org.apache.commons.math3.linear.Math21AB_2_Test)
Method: <org.apache.commons.math3.linear.AbstractRealMatrix$1: void start(int,int,int,int,int,int)>, Callee: {endRow=0.0, columnSum=0.0, maxColSum=0.0, this$0={data=[[0.0, 0.0, 0.0, 0.0, 0.0], [0.0, 0.0, 0.0, 0.0, 0.0], [0.0, 0.0, 0.0, 0.0, 1.734723475976807E-18], [0.0, 0.0, 0.0, 0.0, 0.0], [0.0, 0.0, 1.734723475976807E-18, 0.0, 0.0]],},}, Params: [5,5,0,4,0,4], Related test: test568(org.apache.commons.math3.linear.Math21AB_3_Test)
Method: <org.apache.commons.math3.linear.Array2DRowRealMatrix: int getRowDimension()>, Callee: {data=[[0.006960708548989433, 0.01039469, 0.0, 0.00586184326569012, 0.010499559], [0.01039469, 0.023006615999999997, 0.0, 0.008196856, 0.010732708999999998], [0.0, 0.0, 0.0, 0.0, 0.0], [0.00586184326569012, 0.008196856, 0.0, 0.0, 0.0], [0.0, 0.0, 0.0, 0.0, 0.0]],}, Params: [], Related test: test652(org.apache.commons.math3.linear.Math21AB_4_Test)
Method: <org.apache.commons.math3.linear.Array2DRowRealMatrix: int getColumnDimension()>, Callee: {data=[[0.006960708548989433, 0.01039469, 0.0, 0.00586184326569012, 0.010499559], [0.01039469, 0.023006615999999997, 0.0, 0.008196856, 0.010732708999999998], [0.0, 0.0, 0.0, 0.0, 0.0], [0.00586184326569012, 0.008196856, 0.0, 0.0, 0.0], [0.0, 0.0, 0.0, 0.0, 0.0]],}, Params: [], Related test: test653(org.apache.commons.math3.linear.Math21AB_4_Test)
Method: <org.apache.commons.math3.linear.AbstractRealMatrix$1: void visit(int,int,double)>, Callee: {endRow=3.0, columnSum=3.469446951953614E-18, maxColSum=0.0, this$0={data=[[0.0, 0.0, 0.0, 0.0], [0.0, 3.469446951953614E-18, 0.0, 1.734723475976807E-18], [0.0, 0.0, 0.0, 0.0], [0.0, 1.734723475976807E-18, 0.0, 0.0]],},}, Params: [2,1,0.0], Related test: test378(org.apache.commons.math3.linear.Math21AB_2_Test)
Method: <org.apache.commons.math3.linear.AbstractRealMatrix$1: void visit(int,int,double)>, Callee: {endRow=4.0, columnSum=0.0, maxColSum=0.0, this$0={data=[[0.0, 0.0, 0.0, 0.0, 0.0], [0.0, 0.0, 0.0, 0.0, 0.0], [0.0, 0.0, 0.0, 0.0, 1.734723475976807E-18], [0.0, 0.0, 0.0, 0.0, 0.0], [0.0, 0.0, 1.734723475976807E-18, 0.0, 0.0]],},}, Params: [1,2,0.0], Related test: test568(org.apache.commons.math3.linear.Math21AB_3_Test)
Method: <org.apache.commons.math3.linear.Array2DRowRealMatrix: int getRowDimension()>, Callee: {data=[[-0.039997128708755894, 0.03451275137054016, 0.03391374821339502, 0.0], [0.0, 0.0, 0.0, 0.0], [0.0, 0.0, 0.0, 0.0], [0.0, 0.0, 0.0, 0.0]],}, Params: [], Related test: test189(org.apache.commons.math3.linear.Math21AB_1_Test)
Method: <org.apache.commons.math3.linear.Array2DRowRealMatrix: int getColumnDimension()>, Callee: {data=[[-0.039997128708755894, 0.03451275137054016, 0.03391374821339502, 0.0], [0.0, 0.0, 0.0, 0.0], [0.0, 0.0, 0.0, 0.0], [0.0, 0.0, 0.0, 0.0]],}, Params: [], Related test: test190(org.apache.commons.math3.linear.Math21AB_1_Test)
Method: <org.apache.commons.math3.linear.Array2DRowRealMatrix: int getRowDimension()>, Callee: {data=[[0.07595774179124411, 0.07764443622071623, 0.06662930532858814, 0.0], [0.03451275137054016, 0.1302994916559287, 0.02320393667934914, 0.0], [0.03391374821339502, 0.0, 0.0, 0.0], [0.07303890148133517, 0.0, 0.0, 0.0]],}, Params: [], Related test: test128(org.apache.commons.math3.linear.Math21AB_1_Test)
Method: <org.apache.commons.math3.linear.Array2DRowRealMatrix: int getColumnDimension()>, Callee: {data=[[0.07595774179124411, 0.07764443622071623, 0.06662930532858814, 0.0], [0.03451275137054016, 0.1302994916559287, 0.02320393667934914, 0.0], [0.03391374821339502, 0.0, 0.0, 0.0], [0.07303890148133517, 0.0, 0.0, 0.0]],}, Params: [], Related test: test129(org.apache.commons.math3.linear.Math21AB_1_Test)
Method: <org.apache.commons.math3.linear.Array2DRowRealMatrix: void setEntry(int,int,double)>, Callee: {data=[[0.006960708548989433, 0.01039469, 0.0, 0.00586184326569012, 0.010499559], [0.01039469, 0.023006615999999997, 0.0, 0.008196856, 0.010732708999999998], [0.0, 0.0, 0.0, 0.0, 0.0], [0.00586184326569012, 0.008196856, 0.0, 0.004977887000113579, 0.009210099], [0.010499559, 0.0, 0.0, 0.0, 0.0]],}, Params: [4,1,0.010732708999999998], Related test: test663(org.apache.commons.math3.linear.Math21AB_4_Test)
Method: <org.apache.commons.math3.linear.Array2DRowRealMatrix: int getRowDimension()>, Callee: {data=[[0.006960708548989433, 0.01039469, 0.0, 0.00586184326569012, 0.010499559], [0.01039469, 0.023006615999999997, 0.0, 0.008196856, 0.010732708999999998], [0.0, 0.0, 0.0, 0.0, 0.0], [0.00586184326569012, 0.008196856, 0.0, 0.004977887000113579, 0.009210099], [0.010499559, 0.0, 0.0, 0.0, 0.0]],}, Params: [], Related test: test661(org.apache.commons.math3.linear.Math21AB_4_Test)
Method: <org.apache.commons.math3.linear.Array2DRowRealMatrix: int getColumnDimension()>, Callee: {data=[[0.006960708548989433, 0.01039469, 0.0, 0.00586184326569012, 0.010499559], [0.01039469, 0.023006615999999997, 0.0, 0.008196856, 0.010732708999999998], [0.0, 0.0, 0.0, 0.0, 0.0], [0.00586184326569012, 0.008196856, 0.0, 0.004977887000113579, 0.009210099], [0.010499559, 0.0, 0.0, 0.0, 0.0]],}, Params: [], Related test: test662(org.apache.commons.math3.linear.Math21AB_4_Test)
Method: <org.apache.commons.math3.linear.MatrixUtils: void checkMatrixIndex(org.apache.commons.math3.linear.AnyMatrix,int,int)>, Callee: null, Params: [{data=[[0.0, 0.0, 0.0, 0.0, 0.0], [0.0, 0.013445532, 0.01039469, 0.009881156, 0.010499559], [0.0, 0.0, 0.0, 0.0, 0.0], [0.0, 0.0, 0.0, 0.0, 0.0], [0.0, 0.0, 0.0, 0.0, 0.0]],},2,1], Related test: test480(org.apache.commons.math3.linear.Math21AB_3_Test)
Method: <org.apache.commons.math3.linear.Array2DRowRealMatrix: double walkInColumnOrder(org.apache.commons.math3.linear.RealMatrixPreservingVisitor)>, Callee: {data=[[0.0, 0.0, 0.0, 0.0], [0.0, 3.469446951953614E-18, 0.0, 1.734723475976807E-18], [0.0, 0.0, 0.0, 0.0], [0.0, 1.734723475976807E-18, 0.0, 0.0]],}, Params: [{endRow=0.0, columnSum=0.0, maxColSum=0.0, this$0={data=[[0.0, 0.0, 0.0, 0.0], [0.0, 3.469446951953614E-18, 0.0, 1.734723475976807E-18], [0.0, 0.0, 0.0, 0.0], [0.0, 1.734723475976807E-18, 0.0, 0.0]],},}], Related test: test378(org.apache.commons.math3.linear.Math21AB_2_Test)
Method: <org.apache.commons.math3.linear.Array2DRowRealMatrix: void setEntry(int,int,double)>, Callee: {data=[[0.0759577418122063, 0.0, 0.0, 0.0], [0.034512751379448724, 0.0, 0.0, 0.0], [0.033913748226348225, 0.0, 0.0, 0.0], [0.0, 0.0, 0.0, 0.0]],}, Params: [3,0,0.07303890149947785], Related test: test262(org.apache.commons.math3.linear.Math21AB_2_Test)
Method: <org.apache.commons.math3.linear.Array2DRowRealMatrix: double getEntry(int,int)>, Callee: {data=[[0.0759577418122063, 0.034512751379448724, 0.0], [0.07764443622513505, 0.13029949164628746, 0.0], [0.0, 0.0, 0.0], [0.06662930527909404, 0.023203936694855674, 0.0], [0.13822895138139477, 0.0, 0.0]],}, Params: [0,1], Related test: test609(org.apache.commons.math3.linear.Math21AB_4_Test)
Method: <org.apache.commons.math3.linear.Array2DRowRealMatrix: double getEntry(int,int)>, Callee: {data=[[0.0759577418122063, 0.034512751379448724, 0.0], [0.07764443622513505, 0.13029949164628746, 0.0], [0.0, 0.0, 0.0], [0.06662930527909404, 0.023203936694855674, 0.0], [0.13822895138139477, 0.0, 0.0]],}, Params: [0,0], Related test: test607(org.apache.commons.math3.linear.Math21AB_4_Test)
Method: <org.apache.commons.math3.linear.Array2DRowRealMatrix: double getEntry(int,int)>, Callee: {data=[[0.0, 0.0, 0.0, 0.0, 0.0], [0.0, 0.013445532, 0.01039469, 0.009881156, 0.010499559], [0.0, 0.01039469, 0.023006616, 0.008196856, 0.010732708999999998], [0.0, 0.009881156, 0.008196856, 0.019023866, 0.009210099], [0.0, 0.010499559, 0.010732708999999998, 0.009210099, 0.019107243]],}, Params: [0,0], Related test: test515(org.apache.commons.math3.linear.Math21AB_3_Test)
Method: <org.apache.commons.math3.linear.Array2DRowRealMatrix: double getEntry(int,int)>, Callee: {data=[[0.0, 0.0, 0.0, 0.0, 0.0], [0.0, 0.013445532, 0.01039469, 0.009881156, 0.010499559], [0.0, 0.01039469, 0.023006616, 0.008196856, 0.010732708999999998], [0.0, 0.009881156, 0.008196856, 0.019023866, 0.009210099], [0.0, 0.010499559, 0.010732708999999998, 0.009210099, 0.019107243]],}, Params: [0,1], Related test: test517(org.apache.commons.math3.linear.Math21AB_3_Test)
Method: <org.apache.commons.math3.linear.AbstractRealMatrix$1: void visit(int,int,double)>, Callee: {endRow=4.0, columnSum=0.0, maxColSum=1.734723475976807E-18, this$0={data=[[0.0, 0.0, 0.0, 0.0, 0.0], [0.0, 0.0, 0.0, 0.0, 0.0], [0.0, 0.0, 0.0, 0.0, 1.734723475976807E-18], [0.0, 0.0, 0.0, 0.0, 0.0], [0.0, 0.0, 1.734723475976807E-18, 0.0, 0.0]],},}, Params: [4,3,0.0], Related test: test568(org.apache.commons.math3.linear.Math21AB_3_Test)
Method: <org.apache.commons.math3.linear.MatrixUtils: void checkMatrixIndex(org.apache.commons.math3.linear.AnyMatrix,int,int)>, Callee: null, Params: [{data=[[0.0759577418122063, 0.034512751379448724, 0.0], [0.07764443622513505, 0.13029949164628746, 0.0], [0.0, 0.0, 0.0], [0.06662930527909404, 0.023203936694855674, 0.0], [0.13822895138139477, 0.0, 0.0]],},0,1], Related test: test609(org.apache.commons.math3.linear.Math21AB_4_Test)
Method: <org.apache.commons.math3.linear.MatrixUtils: void checkMatrixIndex(org.apache.commons.math3.linear.AnyMatrix,int,int)>, Callee: null, Params: [{data=[[0.0759577418122063, 0.034512751379448724, 0.0], [0.07764443622513505, 0.13029949164628746, 0.0], [0.0, 0.0, 0.0], [0.06662930527909404, 0.023203936694855674, 0.0], [0.13822895138139477, 0.0, 0.0]],},0,2], Related test: test611(org.apache.commons.math3.linear.Math21AB_4_Test)
Method: <org.apache.commons.math3.linear.MatrixUtils: void checkMatrixIndex(org.apache.commons.math3.linear.AnyMatrix,int,int)>, Callee: null, Params: [{data=[[0.0759577418122063, 0.034512751379448724, 0.0], [0.07764443622513505, 0.13029949164628746, 0.0], [0.0, 0.0, 0.0], [0.06662930527909404, 0.023203936694855674, 0.0], [0.13822895138139477, 0.0, 0.0]],},0,0], Related test: test607(org.apache.commons.math3.linear.Math21AB_4_Test)
Method: <org.apache.commons.math3.linear.AbstractRealMatrix$1: void visit(int,int,double)>, Callee: {endRow=4.0, columnSum=0.0, maxColSum=0.010504136185320447, this$0={data=[[0.006484823451010566, 0.0, 0.0, 0.00401931273430988, 0.0], [0.0, 3.469446951953614E-18, 0.0, 0.0, 1.734723475976807E-18], [0.0, 0.0, 0.0, 0.0, 0.0], [0.00401931273430988, 0.0, 0.0, 0.01404597899988642, 0.0], [0.0, 1.734723475976807E-18, 0.0, 0.0, 0.0]],},}, Params: [1,2,0.0], Related test: test733(org.apache.commons.math3.linear.Math21AB_4_Test)
Method: <org.apache.commons.math3.linear.Array2DRowRealMatrix: double getEntry(int,int)>, Callee: {data=[[0.0759577418122063, 0.034512751379448724, 0.0], [0.07764443622513505, 0.13029949164628746, 0.0], [0.0, 0.0, 0.0], [0.06662930527909404, 0.023203936694855674, 0.0], [0.13822895138139477, 0.0, 0.0]],}, Params: [0,2], Related test: test611(org.apache.commons.math3.linear.Math21AB_4_Test)
Method: <org.apache.commons.math3.linear.MatrixUtils: void checkMatrixIndex(org.apache.commons.math3.linear.AnyMatrix,int,int)>, Callee: null, Params: [{data=[[0.07595774179124411, 0.0, 0.0, 0.0], [0.03451275137054016, 0.0, 0.0, 0.0], [0.03391374821339502, 0.0, 0.0, 0.0], [0.07303890148133517, 0.0, 0.0, 0.0]],},0,1], Related test: test122(org.apache.commons.math3.linear.Math21AB_1_Test)
Method: <org.apache.commons.math3.linear.Array2DRowRealMatrix: double getEntry(int,int)>, Callee: {data=[[0.0759577418122063, 0.034512751379448724, 0.0], [0.07764443622513505, 0.13029949164628746, 0.0], [0.0, 0.0, 0.0], [0.06662930527909404, 0.023203936694855674, 0.0], [0.13822895138139477, 0.0, 0.0]],}, Params: [1,0], Related test: test631(org.apache.commons.math3.linear.Math21AB_4_Test)
Method: <org.apache.commons.math3.linear.Array2DRowRealMatrix: int getRowDimension()>, Callee: {data=[[0.0, 0.0, 0.0], [0.0, 0.0, 0.0], [0.0, 0.0, 0.0], [0.0, 0.0, 0.0], [0.13822895138139477, 0.0, 0.0]],}, Params: [], Related test: test577(org.apache.commons.math3.linear.Math21AB_3_Test)
Method: <org.apache.commons.math3.linear.Array2DRowRealMatrix: int getColumnDimension()>, Callee: {data=[[0.0, 0.0, 0.0], [0.0, 0.0, 0.0], [0.0, 0.0, 0.0], [0.0, 0.0, 0.0], [0.13822895138139477, 0.0, 0.0]],}, Params: [], Related test: test578(org.apache.commons.math3.linear.Math21AB_3_Test)
Method: <org.apache.commons.math3.linear.Array2DRowRealMatrix: double getEntry(int,int)>, Callee: {data=[[0.0759577418122063, 0.034512751379448724, 0.0], [0.07764443622513505, 0.13029949164628746, 0.0], [0.0, 0.0, 0.0], [0.06662930527909404, 0.023203936694855674, 0.0], [0.13822895138139477, 0.0, 0.0]],}, Params: [1,2], Related test: test633(org.apache.commons.math3.linear.Math21AB_4_Test)
Method: <org.apache.commons.math3.linear.Array2DRowRealMatrix: double getEntry(int,int)>, Callee: {data=[[0.0759577418122063, 0.034512751379448724, 0.0], [0.07764443622513505, 0.13029949164628746, 0.0], [0.0, 0.0, 0.0], [0.06662930527909404, 0.023203936694855674, 0.0], [0.13822895138139477, 0.0, 0.0]],}, Params: [1,1], Related test: test632(org.apache.commons.math3.linear.Math21AB_4_Test)
Method: <org.apache.commons.math3.linear.Array2DRowRealMatrix: void setEntry(int,int,double)>, Callee: {data=[[0.0759577418122063, 0.07764443622513505, 0.0, 0.06662930527909404, 0.0], [0.034512751379448724, 0.13029949164628746, 0.0, 0.0, 0.0], [0.0, 0.0, 0.0, 0.0, 0.0]],}, Params: [1,3,0.023203936694855674], Related test: test603(org.apache.commons.math3.linear.Math21AB_4_Test)
Method: <org.apache.commons.math3.linear.MatrixUtils: void checkColumnIndex(org.apache.commons.math3.linear.AnyMatrix,int)>, Callee: null, Params: [{data=[[0.0, 0.0, 0.0, 0.0, 0.0], [0.0, 0.013445532, 0.01039469, 0.009881156, 0.0], [0.0, 0.0, 0.0, 0.0, 0.0], [0.0, 0.0, 0.0, 0.0, 0.0], [0.0, 0.0, 0.0, 0.0, 0.0]],},4], Related test: test478(org.apache.commons.math3.linear.Math21AB_3_Test)
Method: <org.apache.commons.math3.linear.MatrixUtils: void checkRowIndex(org.apache.commons.math3.linear.AnyMatrix,int)>, Callee: null, Params: [{data=[[0.0, 0.0, 0.0, 0.0, 0.0], [0.0, 0.013445532, 0.01039469, 0.009881156, 0.0], [0.0, 0.0, 0.0, 0.0, 0.0], [0.0, 0.0, 0.0, 0.0, 0.0], [0.0, 0.0, 0.0, 0.0, 0.0]],},1], Related test: test478(org.apache.commons.math3.linear.Math21AB_3_Test)
Method: <org.apache.commons.math3.linear.MatrixUtils: void checkRowIndex(org.apache.commons.math3.linear.AnyMatrix,int)>, Callee: null, Params: [{data=[[-0.039997128708755894, 0.03451275137054016, 0.03391374821339502, 0.07303890148133517], [-0.011999836179283768, 0.00794541355592869, 0.0, 0.0], [-0.018586226871411857, 0.01864526867934914, 0.010158003254528244, 0.0], [0.04768028405001387, 0.0, 0.0, 0.0]],},3], Related test: test205(org.apache.commons.math3.linear.Math21AB_2_Test)
Method: <org.apache.commons.math3.linear.MatrixUtils: void checkColumnIndex(org.apache.commons.math3.linear.AnyMatrix,int)>, Callee: null, Params: [{data=[[-0.039997128708755894, 0.03451275137054016, 0.03391374821339502, 0.07303890148133517], [-0.011999836179283768, 0.00794541355592869, 0.0, 0.0], [-0.018586226871411857, 0.01864526867934914, 0.010158003254528244, 0.0], [0.04768028405001387, 0.0, 0.0, 0.0]],},1], Related test: test205(org.apache.commons.math3.linear.Math21AB_2_Test)
Method: <org.apache.commons.math3.linear.AbstractRealMatrix$1: void start(int,int,int,int,int,int)>, Callee: {endRow=0.0, columnSum=0.0, maxColSum=0.0, this$0={data=[[0.0, 0.0, 0.0, 0.0], [0.0, 3.469446951953614E-18, 0.0, 1.734723475976807E-18], [0.0, 0.0, 0.0, 0.0], [0.0, 1.734723475976807E-18, 0.0, 0.0]],},}, Params: [4,4,0,3,0,3], Related test: test378(org.apache.commons.math3.linear.Math21AB_2_Test)
Method: <org.apache.commons.math3.linear.MatrixUtils: void checkMatrixIndex(org.apache.commons.math3.linear.AnyMatrix,int,int)>, Callee: null, Params: [{data=[[0.0759577418122063, 0.07764443622513505, 0.0, 0.0], [0.034512751379448724, 0.0, 0.0, 0.0], [0.033913748226348225, 0.0, 0.0, 0.0], [0.07303890149947785, 0.0, 0.0, 0.0]],},1,1], Related test: test266(org.apache.commons.math3.linear.Math21AB_2_Test)
Method: <org.apache.commons.math3.linear.MatrixUtils: void checkRowIndex(org.apache.commons.math3.linear.AnyMatrix,int)>, Callee: null, Params: [{data=[[0.07595774179124411, 0.0, 0.0, 0.0], [0.03451275137054016, 0.0, 0.0, 0.0], [0.03391374821339502, 0.0, 0.0, 0.0], [0.07303890148133517, 0.0, 0.0, 0.0]],},0], Related test: test122(org.apache.commons.math3.linear.Math21AB_1_Test)
Method: <org.apache.commons.math3.linear.MatrixUtils: void checkColumnIndex(org.apache.commons.math3.linear.AnyMatrix,int)>, Callee: null, Params: [{data=[[-0.039997128708755894, 0.0, 0.0, 0.0], [0.0, 0.0, 0.0, 0.0], [0.0, 0.0, 0.0, 0.0], [0.0, 0.0, 0.0, 0.0]],},1], Related test: test187(org.apache.commons.math3.linear.Math21AB_1_Test)
Method: <org.apache.commons.math3.linear.MatrixUtils: void checkColumnIndex(org.apache.commons.math3.linear.AnyMatrix,int)>, Callee: null, Params: [{data=[[0.07595774179124411, 0.0, 0.0, 0.0], [0.03451275137054016, 0.0, 0.0, 0.0], [0.03391374821339502, 0.0, 0.0, 0.0], [0.07303890148133517, 0.0, 0.0, 0.0]],},1], Related test: test122(org.apache.commons.math3.linear.Math21AB_1_Test)
Method: <org.apache.commons.math3.linear.MatrixUtils: void checkRowIndex(org.apache.commons.math3.linear.AnyMatrix,int)>, Callee: null, Params: [{data=[[-0.039997128708755894, 0.0, 0.0, 0.0], [0.0, 0.0, 0.0, 0.0], [0.0, 0.0, 0.0, 0.0], [0.0, 0.0, 0.0, 0.0]],},0], Related test: test187(org.apache.commons.math3.linear.Math21AB_1_Test)
Method: <org.apache.commons.math3.linear.Array2DRowRealMatrix: int getRowDimension()>, Callee: {data=[[0.0759577418122063, 0.034512751379448724, 0.033913748226348225, 0.07303890149947785], [0.07764443622513505, 0.13029949164628746, 0.0, 0.0], [0.06662930527909404, 0.023203936694855674, 0.11851573313229945, 0.0], [0.13822895138139477, 0.0, 0.0, 0.0]],}, Params: [], Related test: test254(org.apache.commons.math3.linear.Math21AB_2_Test)
Method: <org.apache.commons.math3.linear.Array2DRowRealMatrix: int getColumnDimension()>, Callee: {data=[[0.0759577418122063, 0.034512751379448724, 0.033913748226348225, 0.07303890149947785], [0.07764443622513505, 0.13029949164628746, 0.0, 0.0], [0.06662930527909404, 0.023203936694855674, 0.11851573313229945, 0.0], [0.13822895138139477, 0.0, 0.0, 0.0]],}, Params: [], Related test: test255(org.apache.commons.math3.linear.Math21AB_2_Test)
Method: <org.apache.commons.math3.linear.Array2DRowRealMatrix: double getEntry(int,int)>, Callee: {data=[[0.0, 0.0, 0.0, 0.0, 0.0], [0.0, 0.013445532, 0.01039469, 0.009881156, 0.010499559], [0.0, 0.01039469, 0.023006616, 0.008196856, 0.010732708999999998], [0.0, 0.009881156, 0.008196856, 0.019023866, 0.009210099], [0.0, 0.010499559, 0.010732708999999998, 0.009210099, 0.019107243]],}, Params: [2,2], Related test: test539(org.apache.commons.math3.linear.Math21AB_3_Test)
Method: <org.apache.commons.math3.linear.Array2DRowRealMatrix: double getEntry(int,int)>, Callee: {data=[[0.0, 0.0, 0.0, 0.0, 0.0], [0.0, 0.013445532, 0.01039469, 0.009881156, 0.010499559], [0.0, 0.01039469, 0.023006616, 0.008196856, 0.010732708999999998], [0.0, 0.009881156, 0.008196856, 0.019023866, 0.009210099], [0.0, 0.010499559, 0.010732708999999998, 0.009210099, 0.019107243]],}, Params: [2,3], Related test: test541(org.apache.commons.math3.linear.Math21AB_3_Test)
Method: <org.apache.commons.math3.linear.MatrixUtils: void checkMatrixIndex(org.apache.commons.math3.linear.AnyMatrix,int,int)>, Callee: null, Params: [{data=[[0.0759577418122063, 0.034512751379448724, 0.0], [0.07764443622513505, 0.13029949164628746, 0.0], [0.0, 0.0, 0.0], [0.06662930527909404, 0.023203936694855674, 0.0], [0.13822895138139477, 0.0, 0.0]],},2,0], Related test: test642(org.apache.commons.math3.linear.Math21AB_4_Test)
Method: <org.apache.commons.math3.linear.Array2DRowRealMatrix: double getEntry(int,int)>, Callee: {data=[[0.0, 0.0, 0.0, 0.0, 0.0], [0.0, 0.013445532, 0.01039469, 0.009881156, 0.010499559], [0.0, 0.01039469, 0.023006616, 0.008196856, 0.010732708999999998], [0.0, 0.009881156, 0.008196856, 0.019023866, 0.009210099], [0.0, 0.010499559, 0.010732708999999998, 0.009210099, 0.019107243]],}, Params: [2,0], Related test: test535(org.apache.commons.math3.linear.Math21AB_3_Test)
Method: <org.apache.commons.math3.linear.Array2DRowRealMatrix: double getEntry(int,int)>, Callee: {data=[[0.0, 0.0, 0.0, 0.0, 0.0], [0.0, 0.013445532, 0.01039469, 0.009881156, 0.010499559], [0.0, 0.01039469, 0.023006616, 0.008196856, 0.010732708999999998], [0.0, 0.009881156, 0.008196856, 0.019023866, 0.009210099], [0.0, 0.010499559, 0.010732708999999998, 0.009210099, 0.019107243]],}, Params: [2,1], Related test: test537(org.apache.commons.math3.linear.Math21AB_3_Test)
Method: <org.apache.commons.math3.linear.MatrixUtils: void checkMatrixIndex(org.apache.commons.math3.linear.AnyMatrix,int,int)>, Callee: null, Params: [{data=[[0.0759577418122063, 0.034512751379448724, 0.0], [0.07764443622513505, 0.13029949164628746, 0.0], [0.0, 0.0, 0.0], [0.06662930527909404, 0.023203936694855674, 0.0], [0.13822895138139477, 0.0, 0.0]],},2,1], Related test: test643(org.apache.commons.math3.linear.Math21AB_4_Test)
Method: <org.apache.commons.math3.linear.MatrixUtils: void checkMatrixIndex(org.apache.commons.math3.linear.AnyMatrix,int,int)>, Callee: null, Params: [{data=[[0.0759577418122063, 0.034512751379448724, 0.0], [0.07764443622513505, 0.13029949164628746, 0.0], [0.0, 0.0, 0.0], [0.06662930527909404, 0.023203936694855674, 0.0], [0.13822895138139477, 0.0, 0.0]],},2,2], Related test: test644(org.apache.commons.math3.linear.Math21AB_4_Test)
Method: <org.apache.commons.math3.linear.Array2DRowRealMatrix: int getRowDimension()>, Callee: {data=[[0.07595774179124411, 0.07764443622071623, 0.06662930532858814, 0.13822895145001388], [0.03451275137054016, 0.1302994916559287, 0.02320393667934914, 0.0], [0.03391374821339502, 0.0, 0.11851573315452825, 0.0], [0.07303890148133517, 0.0, 0.0, 0.0]],}, Params: [], Related test: test132(org.apache.commons.math3.linear.Math21AB_1_Test)
Method: <org.apache.commons.math3.linear.Array2DRowRealMatrix: int getColumnDimension()>, Callee: {data=[[0.07595774179124411, 0.07764443622071623, 0.06662930532858814, 0.13822895145001388], [0.03451275137054016, 0.1302994916559287, 0.02320393667934914, 0.0], [0.03391374821339502, 0.0, 0.11851573315452825, 0.0], [0.07303890148133517, 0.0, 0.0, 0.0]],}, Params: [], Related test: test133(org.apache.commons.math3.linear.Math21AB_1_Test)
Method: <org.apache.commons.math3.linear.MatrixUtils: void checkRowIndex(org.apache.commons.math3.linear.AnyMatrix,int)>, Callee: null, Params: [{data=[[0.0759577418122063, 0.034512751379448724, 0.0], [0.07764443622513505, 0.13029949164628746, 0.0], [0.0, 0.0, 0.0], [0.06662930527909404, 0.023203936694855674, 0.0], [0.13822895138139477, 0.0, 0.0]],},3], Related test: test647(org.apache.commons.math3.linear.Math21AB_4_Test)
Method: <org.apache.commons.math3.linear.MatrixUtils: void checkRowIndex(org.apache.commons.math3.linear.AnyMatrix,int)>, Callee: null, Params: [{data=[[0.0759577418122063, 0.034512751379448724, 0.0], [0.07764443622513505, 0.13029949164628746, 0.0], [0.0, 0.0, 0.0], [0.06662930527909404, 0.023203936694855674, 0.0], [0.13822895138139477, 0.0, 0.0]],},4], Related test: test656(org.apache.commons.math3.linear.Math21AB_4_Test)
Method: <org.apache.commons.math3.linear.Array2DRowRealMatrix: double getEntry(int,int)>, Callee: {data=[[0.0, 0.0, 0.0, 0.0, 0.0], [0.0, 0.013445532, 0.01039469, 0.009881156, 0.010499559], [0.0, 0.01039469, 0.023006616, 0.008196856, 0.010732708999999998], [0.0, 0.009881156, 0.008196856, 0.019023866, 0.009210099], [0.0, 0.010499559, 0.010732708999999998, 0.009210099, 0.019107243]],}, Params: [1,3], Related test: test531(org.apache.commons.math3.linear.Math21AB_3_Test)
Method: <org.apache.commons.math3.linear.MatrixUtils: void checkColumnIndex(org.apache.commons.math3.linear.AnyMatrix,int)>, Callee: null, Params: [{data=[[0.0759577418122063, 0.034512751379448724, 0.0], [0.07764443622513505, 0.13029949164628746, 0.0], [0.0, 0.0, 0.0], [0.06662930527909404, 0.023203936694855674, 0.0], [0.13822895138139477, 0.0, 0.0]],},1], Related test: test609(org.apache.commons.math3.linear.Math21AB_4_Test)
Method: <org.apache.commons.math3.linear.MatrixUtils: void checkRowIndex(org.apache.commons.math3.linear.AnyMatrix,int)>, Callee: null, Params: [{data=[[0.0759577418122063, 0.034512751379448724, 0.0], [0.07764443622513505, 0.13029949164628746, 0.0], [0.0, 0.0, 0.0], [0.06662930527909404, 0.023203936694855674, 0.0], [0.13822895138139477, 0.0, 0.0]],},1], Related test: test631(org.apache.commons.math3.linear.Math21AB_4_Test)
Method: <org.apache.commons.math3.linear.Array2DRowRealMatrix: double getEntry(int,int)>, Callee: {data=[[0.0, 0.0, 0.0, 0.0, 0.0], [0.0, 0.013445532, 0.01039469, 0.009881156, 0.010499559], [0.0, 0.01039469, 0.023006616, 0.008196856, 0.010732708999999998], [0.0, 0.009881156, 0.008196856, 0.019023866, 0.009210099], [0.0, 0.010499559, 0.010732708999999998, 0.009210099, 0.019107243]],}, Params: [1,4], Related test: test533(org.apache.commons.math3.linear.Math21AB_3_Test)
Method: <org.apache.commons.math3.linear.MatrixUtils: void checkColumnIndex(org.apache.commons.math3.linear.AnyMatrix,int)>, Callee: null, Params: [{data=[[0.0759577418122063, 0.034512751379448724, 0.0], [0.07764443622513505, 0.13029949164628746, 0.0], [0.0, 0.0, 0.0], [0.06662930527909404, 0.023203936694855674, 0.0], [0.13822895138139477, 0.0, 0.0]],},2], Related test: test611(org.apache.commons.math3.linear.Math21AB_4_Test)
Method: <org.apache.commons.math3.linear.MatrixUtils: void checkRowIndex(org.apache.commons.math3.linear.AnyMatrix,int)>, Callee: null, Params: [{data=[[0.0759577418122063, 0.034512751379448724, 0.0], [0.07764443622513505, 0.13029949164628746, 0.0], [0.0, 0.0, 0.0], [0.06662930527909404, 0.023203936694855674, 0.0], [0.13822895138139477, 0.0, 0.0]],},2], Related test: test642(org.apache.commons.math3.linear.Math21AB_4_Test)
Method: <org.apache.commons.math3.linear.MatrixUtils: void checkRowIndex(org.apache.commons.math3.linear.AnyMatrix,int)>, Callee: null, Params: [{data=[[0.0759577418122063, 0.034512751379448724, 0.0], [0.07764443622513505, 0.13029949164628746, 0.0], [0.0, 0.0, 0.0], [0.06662930527909404, 0.023203936694855674, 0.0], [0.13822895138139477, 0.0, 0.0]],},0], Related test: test607(org.apache.commons.math3.linear.Math21AB_4_Test)
Method: <org.apache.commons.math3.linear.MatrixUtils: void checkColumnIndex(org.apache.commons.math3.linear.AnyMatrix,int)>, Callee: null, Params: [{data=[[0.0759577418122063, 0.034512751379448724, 0.0], [0.07764443622513505, 0.13029949164628746, 0.0], [0.0, 0.0, 0.0], [0.06662930527909404, 0.023203936694855674, 0.0], [0.13822895138139477, 0.0, 0.0]],},0], Related test: test607(org.apache.commons.math3.linear.Math21AB_4_Test)
Method: <org.apache.commons.math3.linear.MatrixUtils: void checkMatrixIndex(org.apache.commons.math3.linear.AnyMatrix,int,int)>, Callee: null, Params: [{data=[[0.006960708548989433, 0.01039469, 0.0, 0.00586184326569012, 0.010499559], [0.01039469, 0.023006615999999997, 0.0, 0.0, 0.0], [0.0, 0.0, 0.0, 0.0, 0.0], [0.0, 0.0, 0.0, 0.0, 0.0], [0.0, 0.0, 0.0, 0.0, 0.0]],},1,3], Related test: test640(org.apache.commons.math3.linear.Math21AB_4_Test)
Method: <org.apache.commons.math3.linear.Array2DRowRealMatrix: void setEntry(int,int,double)>, Callee: {data=[[0.0, 0.0, 0.0, 0.0], [0.07764443622071623, 0.1302994916559287, 0.0, 0.0], [0.06662930532858814, 0.0, 0.0, 0.0], [0.13822895145001388, 0.0, 0.0, 0.0]],}, Params: [2,1,0.02320393667934914], Related test: test102(org.apache.commons.math3.linear.Math21AB_1_Test)
Method: <org.apache.commons.math3.linear.Array2DRowRealMatrix: double getEntry(int,int)>, Callee: {data=[[0.0, 0.0, 0.0, 0.0, 0.0], [0.0, 0.013445532, 0.01039469, 0.009881156, 0.010499559], [0.0, 0.01039469, 0.023006616, 0.008196856, 0.010732708999999998], [0.0, 0.009881156, 0.008196856, 0.019023866, 0.009210099], [0.0, 0.010499559, 0.010732708999999998, 0.009210099, 0.019107243]],}, Params: [1,1], Related test: test527(org.apache.commons.math3.linear.Math21AB_3_Test)
Method: <org.apache.commons.math3.linear.Array2DRowRealMatrix: void setEntry(int,int,double)>, Callee: {data=[[0.0759577418122063, 0.0, 0.0, 0.0, 0.0], [0.034512751379448724, 0.0, 0.0, 0.0, 0.0], [0.0, 0.0, 0.0, 0.0, 0.0]],}, Params: [0,1,0.07764443622513505], Related test: test597(org.apache.commons.math3.linear.Math21AB_3_Test)
Method: <org.apache.commons.math3.linear.Array2DRowRealMatrix: double getEntry(int,int)>, Callee: {data=[[0.0, 0.0, 0.0, 0.0, 0.0], [0.0, 0.013445532, 0.01039469, 0.009881156, 0.010499559], [0.0, 0.01039469, 0.023006616, 0.008196856, 0.010732708999999998], [0.0, 0.009881156, 0.008196856, 0.019023866, 0.009210099], [0.0, 0.010499559, 0.010732708999999998, 0.009210099, 0.019107243]],}, Params: [1,2], Related test: test529(org.apache.commons.math3.linear.Math21AB_3_Test)
Method: <org.apache.commons.math3.linear.Array2DRowRealMatrix: double getEntry(int,int)>, Callee: {data=[[0.0, 0.0, 0.0, 0.0, 0.0], [0.0, 0.013445532, 0.01039469, 0.009881156, 0.010499559], [0.0, 0.01039469, 0.023006616, 0.008196856, 0.010732708999999998], [0.0, 0.009881156, 0.008196856, 0.019023866, 0.009210099], [0.0, 0.010499559, 0.010732708999999998, 0.009210099, 0.019107243]],}, Params: [1,0], Related test: test525(org.apache.commons.math3.linear.Math21AB_3_Test)
Method: <org.apache.commons.math3.linear.MatrixUtils: void checkMatrixIndex(org.apache.commons.math3.linear.AnyMatrix,int,int)>, Callee: null, Params: [{data=[[0.0759577418122063, 0.034512751379448724, 0.0], [0.07764443622513505, 0.13029949164628746, 0.0], [0.0, 0.0, 0.0], [0.06662930527909404, 0.023203936694855674, 0.0], [0.13822895138139477, 0.0, 0.0]],},1,2], Related test: test633(org.apache.commons.math3.linear.Math21AB_4_Test)
Method: <org.apache.commons.math3.linear.Array2DRowRealMatrix: int getRowDimension()>, Callee: {data=[[0.0, 0.0, 0.0, 0.0], [0.07764443622513505, 0.13029949164628746, 0.0, 0.0], [0.06662930527909404, 0.023203936694855674, 0.11851573313229945, 0.0], [0.13822895138139477, 0.0, 0.0, 0.0]],}, Params: [], Related test: test246(org.apache.commons.math3.linear.Math21AB_2_Test)
Method: <org.apache.commons.math3.linear.Array2DRowRealMatrix: int getColumnDimension()>, Callee: {data=[[0.0, 0.0, 0.0, 0.0], [0.07764443622513505, 0.13029949164628746, 0.0, 0.0], [0.06662930527909404, 0.023203936694855674, 0.11851573313229945, 0.0], [0.13822895138139477, 0.0, 0.0, 0.0]],}, Params: [], Related test: test247(org.apache.commons.math3.linear.Math21AB_2_Test)
